/
P01 是一个容量为 165 的背包的一组 10 个重量和利润。
/

背包容量：165
对象的权重： 
            23
            31
            29
            44
            53
            38
            63
            85
            89
            82
每个对象的利润：
            92
            57
            49
            68
            60
            43
            67
            84
            87
            72
权重的最优选择：
            1
            1
            1
            1
            0
            1
            0
            0
            0
            0